6 102
7 105
8 110
9 114
10 130
11 138
12 154
13 165
14 170
15 174
16 182
17 186
18 190
19 195
20 222
21 230
22 231
23 238
24 246
25 255
26 258
27 266
28 273
29 282
30 285
31 286
32 290
33 310
34 318
35 322
36 345
37 354
38 357
39 366
40 370
41 374
42 385
43 399
44 402
45 406
46 410
47 418
48 426
49 429
50 430
51 434
52 435
53 438
54 442
55 455
56 465
57 470
58 474
59 483
60 494
61 498
62 506
63 518
64 530
65 534
66 555
67 561
68 574
69 582
70 590
71 595
72 598
73 602
74 606
75 609
76 610
77 615
78 618
79 627
80 638
81 642
82 645
83 646
84 651
85 654
86 658
87 663
88 665
89 670
90 678
91 682
92 705
93 710
94 715
95 730
96 741
97 742
98 754
99 759
100 762
101 777
102 782
103 786
104 790
105 795
106 805
107 806
108 814
109 822
110 826
111 830
112 834
113 854
114 861
115 874
116 885
117 890
118 894
119 897
120 902
121 903
122 906
123 915
124 935
125 938
126 942
127 946
128 957
129 962
130 969
131 970
132 978
133 986
134 987
135 994
136 1001
137 1002
138 1005
139 1010
140 1015
141 1022
142 1023
143 1030
144 1034
145 1038
146 1045
147 1054
148 1065
149 1066
150 1070
151 1074
152 1085
153 1086
154 1090
155 1095
156 1102
157 1105
158 1106
159 1113
160 1118
161 1130
162 1131
163 1146
164 1158
165 1162
166 1166
167 1173
168 1178
169 1182
170 1185
171 1194
172 1209
173 1221
174 1222
175 1235
176 1239
177 1245
178 1246
179 1258
180 1265
181 1266
182 1270
183 1281
184 1295
185 1298
186 1309
187 1310
188 1311
189 1334
190 1335
191 1338
192 1342
193 1353
194 1358
195 1362
196 1370
197 1374
198 1378
199 1390
200 1394
201 1398
202 1406
203 1407
204 1414
205 1419
206 1426
207 1434
208 1435
209 1442
210 1443
211 1446
212 1455
213 1462
214 1463
215 1474
216 1479
217 1490
218 1491
219 1495
220 1498
221 1505
222 1506
223 1510
224 1515
225 1526
226 1533
227 1534
228 1542
229 1545
230 1547
231 1551
232 1558
233 1562
234 1570
235 1578
236 1581
237 1582
238 1586
239 1595
240 1598
241 1599
242 1605
243 1606
244 1614
245 1615
246 1626
247 1630
248 1634
249 1635
250 1645
251 1653
252 1659
253 1662
254 1670
255 1677
256 1686
257 1695
258 1698
259 1702
260 1705
261 1729
262 1730
263 1738
264 1742
265 1743
266 1749
267 1758
268 1767
269 1771
270 1778
271 1786
272 1790
273 1798
274 1802
275 1810
276 1826
277 1833
278 1834
279 1842
280 1846
281 1855
282 1866
283 1869
284 1878
285 1885
286 1886
287 1887
288 1898
289 1902
290 1905
291 1910
292 1918
293 1930
294 1946
295 1947
296 1955
297 1958
298 1965
299 1970
300 1978
301 1986
302 1990
303 2001
304 2006
305 2013
306 2014
307 2015
308 2022
309 2035
310 2037
311 2054
312 2055
313 2065
314 2067
315 2074
316 2082
317 2085
318 2086
319 2091
320 2093
321 2094
322 2109
323 2110
324 2114
325 2118
326 2121
327 2134
328 2135
329 2139
330 2146
331 2154
332 2158
333 2162
334 2163
335 2185
336 2193
337 2198
338 2202
339 2211
340 2222
341 2230
342 2233
343 2235
344 2238
345 2242
346 2247
347 2255
348 2261
349 2265
350 2266
351 2270
352 2274
353 2278
354 2282
355 2289
356 2290
357 2294
358 2298
359 2301
360 2314
361 2318
362 2330
363 2334
364 2337
365 2338
366 2343
367 2345
368 2354
369 2355
370 2365
371 2373
372 2378
373 2379
374 2382
375 2387
376 2390
377 2397
378 2398
379 2405
380 2406
381 2409
382 2410
383 2414
384 2422
385 2431
386 2438
387 2445
388 2451
389 2454
390 2465
391 2482
392 2485
393 2486
394 2494
395 2505
396 2506
397 2510
398 2514
399 2522
400 2526
401 2534
402 2542
403 2546
404 2553
405 2555
406 2570
407 2585
408 2586
409 2595
410 2598
411 2607
412 2613
413 2626
414 2630
415 2634
416 2635
417 2639
418 2658
419 2665
420 2666
421 2667
422 2674
423 2678
424 2679
425 2685
426 2686
427 2690
428 2694
429 2697
430 2698
431 2702
432 2703
433 2710
434 2714
435 2715
436 2717
437 2726
438 2737
439 2739
440 2742
441 2751
442 2755
443 2758
444 2765
445 2766
446 2769
447 2770
448 2774
449 2778
450 2782
451 2786
452 2794
453 2795
454 2802
455 2806
456 2810
457 2821
458 2822
459 2829
460 2830
461 2834
462 2847
463 2849
464 2865
465 2874
466 2877
467 2882
468 2895
469 2905
470 2914
471 2915
472 2919
473 2922
474 2930
475 2937
476 2938
477 2945
478 2946
479 2954
480 2955
481 2967
482 2985
483 2994
484 3002
485 3009
486 3014
487 3018
488 3021
489 3026
490 3034
491 3054
492 3055
493 3058
494 3059
495 3070
496 3074
497 3081
498 3082
499 3110
500 3111
501 3115
502 3122
503 3126
504 3129
505 3130
506 3138
507 3145
508 3154
509 3157
510 3165
511 3170
512 3171
513 3178
514 3182
515 3201
516 3206
517 3219
518 3237
519 3243
520 3245
521 3246
522 3262
523 3266
524 3278
525 3282
526 3286
527 3289
528 3297
529 3298
530 3302
531 3310
532 3311
533 3322
534 3333
535 3335
536 3342
537 3345
538 3346
539 3355
540 3358
541 3363
542 3367
543 3370
544 3374
545 3378
546 3382
547 3395
548 3399
549 3405
550 3406
551 3414
552 3417
553 3422
554 3423
555 3426
556 3434
557 3435
558 3441
559 3445
560 3451
561 3454
562 3462
563 3470
564 3471
565 3477
566 3478
567 3485
568 3490
569 3495
570 3502
571 3507
572 3514
573 3515
574 3522
575 3526
576 3530
577 3531
578 3535
579 3538
580 3553
581 3558
582 3562
583 3565
584 3567
585 3585
586 3586
587 3590
588 3594
589 3597
590 3598
591 3605
592 3606
593 3614
594 3615
595 3619
596 3621
597 3633
598 3634
599 3638
600 3642
601 3655
602 3657
603 3658
604 3670
605 3674
606 3678
607 3682
608 3685
609 3686
610 3689
611 3702
612 3706
613 3714
614 3723
615 3729
616 3730
617 3731
618 3741
619 3745
620 3759
621 3765
622 3766
623 3782
624 3783
625 3786
626 3790
627 3794
628 3801
629 3806
630 3813
631 3815
632 3818
633 3819
634 3830
635 3835
636 3838
637 3842
638 3846
639 3854
640 3855
641 3857
642 3858
643 3874
644 3878
645 3882
646 3886
647 3890
648 3895
649 3905
650 3913
651 3914
652 3918
653 3922
654 3926
655 3934
656 3938
657 3939
658 3945
659 3954
660 3955
661 3962
662 3965
663 3966
664 3970
665 3982
666 3995
667 3999
668 4010
669 4011
670 4015
671 4017
672 4029
673 4035
674 4038
675 4042
676 4047
677 4053
678 4062
679 4065
680 4066
681 4071
682 4081
683 4082
684 4085
685 4089
686 4090
687 4094
688 4098
689 4102
690 4118
691 4123
692 4137
693 4142
694 4146
695 4147
696 4154
697 4155
698 4161
699 4173
700 4179
701 4190
702 4191
703 4199
704 4202
705 4206
706 4209
707 4210
708 4215
709 4233
710 4234
711 4238
712 4245
713 4246
714 4251
715 4254
716 4255
717 4277
718 4294
719 4298
720 4301
721 4310
722 4314
723 4318
724 4323
725 4330
726 4334
727 4342
728 4345
729 4346
730 4354
731 4355
732 4362
733 4366
734 4371
735 4378
736 4382
737 4390
738 4395
739 4398
740 4402
741 4403
742 4407
743 4430
744 4431
745 4433
746 4434
747 4438
748 4445
749 4454
750 4458
751 4462
752 4465
753 4490
754 4495
755 4498
756 4503
757 4505
758 4506
759 4514
760 4521
761 4526
762 4539
763 4542
764 4543
765 4551
766 4558
767 4565
768 4566
769 4570
770 4582
771 4585
772 4587
773 4605
774 4610
775 4611
776 4614
777 4615
778 4623
779 4630
780 4634
781 4638
782 4642
783 4646
784 4654
785 4658
786 4665
787 4669
788 4670
789 4683
790 4695
791 4697
792 4706
793 4715
794 4718
795 4722
796 4726
797 4731
798 4738
799 4745
800 4755
801 4767
802 4773
803 4782
804 4790
805 4795
806 4807
807 4809
808 4814
809 4823
810 4826
811 4838
812 4854
813 4858
814 4865
815 4866
816 4870
817 4879
818 4886
819 4893
820 4895
821 4898
822 4899
823 4906
824 4910
825 4917
826 4921
827 4922
828 4926
829 4929
830 4938
831 4942
832 4945
833 4947
834 4953
835 4958
836 4962
837 4965
838 4966
839 4974
840 4978
841 4982
842 4983
843 4990
844 4991
845 4994
846 5002
847 5014
848 5015
849 5018
850 5019
851 5026
852 5030
853 5034
854 5035
855 5037
856 5038
857 5055
858 5061
859 5066
860 5073
861 5074
862 5083
863 5090
864 5109
865 5117
866 5118
867 5122
868 5126
869 5133
870 5134
871 5135
872 5138
873 5142
874 5146
875 5151
876 5154
877 5159
878 5162
879 5174
880 5178
881 5181
882 5185
883 5198
884 5205
885 5206
886 5210
887 5215
888 5217
889 5222
890 5230
891 5235
892 5246
893 5253
894 5254
895 5258
896 5262
897 5271
898 5282
899 5285
900 5286
901 5289
902 5291
903 5295
904 5298
905 5302
906 5306
907 5307
908 5322
909 5335
910 5338
911 5343
912 5362
913 5365
914 5369
915 5379
916 5385
917 5395
918 5397
919 5402
920 5405
921 5410
922 5421
923 5423
924 5442
925 5446
926 5451
927 5453
928 5457
929 5466
930 5467
931 5470
932 5486
933 5487
934 5494
935 5495
936 5505
937 5511
938 5514
939 5518
940 5522
941 5523
942 5529
943 5542
944 5546
945 5551
946 5555
947 5558
948 5559
949 5570
950 5574
951 5593
952 5595
953 5605
954 5614
955 5621
956 5622
957 5626
958 5630
959 5646
960 5649
961 5654
962 5662
963 5665
964 5673
965 5678
966 5681
967 5682
968 5685
969 5690
970 5691
971 5695
972 5705
973 5709
974 5710
975 5718
976 5719
977 5726
978 5727
979 5734
980 5735
981 5738
982 5745
983 5757
984 5762
985 5763
986 5770
987 5781
988 5785
989 5786
990 5795
991 5797
992 5798
993 5802
994 5811
995 5817
996 5822
997 5826
998 5829
999 5835
1000 5842
1001 5845
1002 5846
1003 5858
1004 5862
1005 5863
1006 5866
1007 5870
1008 5871
1009 5882
1010 5883
1011 5885
1012 5889
1013 5894
1014 5898
1015 5901
1016 5902
1017 5907
1018 5918
1019 5930
1020 5943
1021 5945
1022 5946
1023 5954
1024 5955
1025 5957
1026 5962
1027 5966
1028 5973
1029 5974
1030 5982
1031 5986
1032 5990
1033 5995
1034 6010
1035 6014
1036 6015
1037 6026
1038 6034
1039 6035
1040 6054
1041 6055
1042 6058
1043 6061
1044 6062
1045 6063
1046 6070
1047 6078
1048 6083
1049 6086
1050 6094
1051 6095
1052 6097
1053 6099
1054 6106
1055 6114
1056 6123
1057 6126
1058 6130
1059 6135
1060 6141
1061 6142
1062 6146
1063 6149
1064 6153
1065 6154
1066 6170
1067 6177
1068 6182
1069 6186
1070 6190
1071 6194
1072 6198
1073 6202
1074 6205
1075 6206
1076 6213
1077 6214
1078 6215
1079 6226
1080 6231
1081 6234
1082 6235
1083 6251
1084 6254
1085 6262
1086 6265
1087 6266
1088 6278
1089 6285
1090 6286
1091 6293
1092 6294
1093 6298
1094 6302
1095 6303
1096 6305
1097 6306
1098 6307
1099 6310
1100 6315
1101 6322
1102 6335
1103 6346
1104 6351
1105 6355
1106 6357
1107 6365
1108 6366
1109 6369
1110 6378
1111 6386
1112 6391
1113 6394
1114 6398
1115 6409
1116 6410
1117 6414
1118 6430
1119 6441
1120 6446
1121 6447
1122 6454
1123 6461
1124 6465
1125 6466
1126 6470
1127 6477
1128 6478
1129 6479
1130 6482
1131 6494
1132 6495
1133 6501
1134 6513
1135 6519
1136 6522
1137 6526
1138 6530
1139 6531
1140 6538
1141 6546
1142 6549
1143 6554
1144 6558
1145 6562
1146 6565
1147 6567
1148 6573
1149 6574
1150 6582
1151 6585
1152 6586
1153 6590
1154 6601
1155 6603
1156 6610
1157 6618
1158 6634
1159 6643
1160 6645
1161 6654
1162 6657
1163 6665
1164 6674
1165 6681
1166 6682
1167 6685
1168 6693
1169 6695
1170 6698
1171 6702
1172 6706
1173 6715
1174 6721
1175 6730
1176 6735
1177 6738
1178 6745
1179 6747
1180 6754
1181 6755
1182 6758
1183 6766
1184 6770
1185 6771
1186 6774
1187 6785
1188 6789
1189 6794
1190 6802
1191 6806
1192 6815
1193 6818
1194 6830
1195 6837
1196 6838
1197 6842
1198 6851
1199 6853
1200 6854
1201 6855
1202 6862
1203 6873
1204 6874
1205 6878
1206 6886
1207 6895
1208 6906
1209 6910
1210 6915
1211 6918
1212 6919
1213 6923
1214 6935
1215 6945
1216 6946
1217 6951
1218 6955
1219 6963
1220 6965
1221 6969
1222 6974
1223 6978
1224 6981
1225 6985
1226 6986
1227 6987
1228 6994
1229 7005
1230 7006
1231 7010
1232 7015
1233 7021
1234 7026
1235 7042
1236 7046
1237 7049
1238 7055
1239 7059
1240 7077
1241 7085
1242 7086
1243 7089
1244 7090
1245 7102
1246 7107
1247 7122
1248 7126
1249 7138
1250 7158
1251 7163
1252 7174
1253 7178
1254 7185
1255 7189
1256 7190
1257 7198
1258 7202
1259 7205
1260 7206
1261 7221
1262 7222
1263 7239
1264 7257
1265 7258
1266 7259
1267 7270
1268 7278
1269 7282
1270 7285
1271 7287
1272 7294
1273 7298
1274 7302
1275 7305
1276 7306
1277 7322
1278 7329
1279 7330
1280 7334
1281 7337
1282 7338
1283 7345
1284 7347
1285 7358
1286 7359
1287 7365
1288 7366
1289 7374
1290 7383
1291 7385
1292 7386
1293 7390
1294 7413
1295 7414
1296 7422
1297 7426
1298 7429
1299 7430
1300 7437
1301 7449
1302 7467
1303 7469
1304 7473
1305 7474
1306 7485
1307 7486
1308 7491
1309 7494
1310 7498
1311 7503
1312 7505
1313 7510
1314 7511
1315 7521
1316 7526
1317 7527
1318 7535
1319 7539
1320 7545
1321 7553
1322 7554
1323 7557
1324 7562
1325 7565
1326 7567
1327 7570
1328 7574
1329 7579
1330 7582
1331 7585
1332 7598
1333 7599
1334 7610
1335 7611
1336 7618
1337 7622
1338 7634
1339 7635
1340 7645
1341 7654
1342 7657
1343 7658
1344 7662
1345 7667
1346 7674
1347 7678
1348 7682
1349 7683
1350 7685
1351 7689
1352 7690
1353 7698
1354 7701
1355 7705
1356 7707
1357 7718
1358 7719
1359 7730
1360 7733
1361 7734
1362 7738
1363 7743
1364 7746
1365 7761
1366 7766
1367 7777
1368 7782
1369 7786
1370 7797
1371 7798
1372 7802
1373 7805
1374 7806
1375 7809
1376 7815
1377 7818
1378 7833
1379 7842
1380 7843
1381 7845
1382 7847
1383 7869
1384 7870
1385 7874
1386 7881
1387 7882
1388 7885
1389 7887
1390 7898
1391 7906
1392 7914
1393 7918
1394 7922
1395 7923
1396 7926
1397 7931
1398 7945
1399 7946
1400 7953
1401 7954
1402 7955
1403 7958
1404 7959
1405 7962
1406 7966
1407 7970
1408 7973
1409 7982
1410 7994
1411 8007
1412 8015
1413 8018
1414 8029
1415 8041
1416 8043
1417 8062
1418 8066
1419 8074
1420 8078
1421 8086
1422 8090
1423 8099
1424 8103
1425 8110
1426 8113
1427 8115
1428 8122
1429 8126
1430 8138
1431 8155
1432 8165
1433 8166
1434 8169
1435 8174
1436 8177
1437 8194
1438 8195
1439 8202
1440 8205
1441 8206
1442 8210
1443 8215
1444 8218
1445 8229
1446 8230
1447 8234
1448 8238
1449 8239
1450 8241
1451 8242
1452 8245
1453 8255
1454 8270
1455 8277
1456 8282
1457 8283
1458 8286
1459 8290
1460 8302
1461 8305
1462 8313
1463 8319
1464 8323
1465 8326
1466 8337
1467 8338
1468 8342
1469 8355
1470 8362
1471 8365
1472 8366
1473 8374
1474 8378
1475 8386
1476 8390
1477 8393
1478 8394
1479 8395
1480 8414
1481 8421
1482 8426
1483 8435
1484 8437
1485 8439
1486 8445
1487 8446
1488 8449
1489 8454
1490 8455
1491 8474
1492 8481
1493 8493
1494 8494
1495 8498
1496 8515
1497 8517
1498 8530
1499 8533
1500 8534
1501 8535
1502 8538
1503 8555
1504 8558
1505 8562
1506 8565
1507 8569
1508 8570
1509 8574
1510 8582
1511 8585
1512 8589
1513 8590
1514 8598
1515 8601
1516 8606
1517 8607
1518 8614
1519 8618
1520 8626
1521 8630
1522 8634
1523 8635
1524 8638
1525 8642
1526 8643
1527 8655
1528 8662
1529 8666
1530 8671
1531 8679
1532 8682
1533 8686
1534 8687
1535 8695
1536 8697
1537 8701
1538 8702
1539 8706
1540 8718
1541 8723
1542 8729
1543 8733
1544 8734
1545 8738
1546 8754
1547 8755
1548 8758
1549 8762
1550 8763
1551 8769
1552 8770
1553 8774
1554 8785
1555 8786
1556 8787
1557 8789
1558 8798
1559 8799
1560 8805
1561 8810
1562 8815
1563 8822
1564 8823
1565 8826
1566 8827
1567 8830
1568 8834
1569 8841
1570 8845
1571 8853
1572 8854
1573 8858
1574 8870
1575 8877
1576 8878
1577 8886
1578 8895
1579 8897
1580 8898
1581 8905
1582 8906
1583 8911
1584 8922
1585 8931
1586 8934
1587 8938
1588 8942
1589 8943
1590 8949
1591 8958
1592 8961
1593 8965
1594 8974
1595 8979
1596 8985
1597 8987
1598 8994
1599 8995
1600 8998
1601 9002
1602 9015
1603 9021
1604 9022
1605 9035
1606 9039
1607 9051
1608 9058
1609 9061
1610 9062
1611 9066
1612 9070
1613 9074
1614 9082
1615 9085
1616 9087
1617 9093
1618 9095
1619 9105
1620 9106
1621 9110
1622 9118
1623 9129
1624 9138
1625 9139
1626 9141
1627 9142
1628 9145
1629 9146
1630 9154
1631 9158
1632 9159
1633 9178
1634 9185
1635 9186
1636 9190
1637 9191
1638 9195
1639 9202
1640 9205
1641 9213
1642 9214
1643 9215
1644 9218
1645 9219
1646 9226
1647 9231
1648 9238
1649 9254
1650 9255
1651 9258
1652 9262
1653 9265
1654 9266
1655 9269
1656 9273
1657 9285
1658 9290
1659 9291
1660 9294
1661 9303
1662 9309
1663 9318
1664 9321
1665 9322
1666 9331
1667 9334
1668 9339
1669 9354
1670 9361
1671 9362
1672 9367
1673 9370
1674 9373
1675 9374
1676 9381
1677 9393
1678 9398
1679 9399
1680 9401
1681 9402
1682 9410
1683 9415
1684 9417
1685 9418
1686 9422
1687 9426
1688 9429
1689 9434
1690 9443
1691 9447
1692 9453
1693 9454
1694 9455
1695 9465
1696 9470
1697 9474
1698 9478
1699 9482
1700 9483
1701 9485
1702 9494
1703 9498
1704 9499
1705 9503
1706 9514
1707 9515
1708 9519
1709 9526
1710 9530
1711 9538
1712 9541
1713 9542
1714 9545
1715 9554
1716 9562
1717 9579
1718 9581
1719 9582
1720 9591
1721 9595
1722 9597
1723 9605
1724 9606
1725 9615
1726 9622
1727 9635
1728 9638
1729 9642
1730 9645
1731 9654
1732 9658
1733 9669
1734 9670
1735 9674
1736 9678
1737 9681
1738 9682
1739 9685
1740 9686
1741 9694
1742 9695
1743 9698
1744 9699
1745 9705
1746 9706
1747 9709
1748 9710
1749 9714
1750 9715
1751 9717
1752 9718
1753 9723
1754 9726
1755 9734
1756 9737
1757 9741
1758 9746
1759 9762
1760 9766
1761 9770
1762 9779
1763 9782
1764 9785
1765 9789
1766 9794
1767 9795
1768 9805
1769 9807
1770 9814
1771 9815
1772 9821
1773 9822
1774 9823
1775 9830
1776 9831
1777 9835
1778 9843
1779 9845
1780 9854
1781 9861
1782 9877
1783 9878
1784 9879
1785 9885
1786 9889
1787 9905
1788 9910
1789 9911
1790 9915
1791 9919
1792 9926
1793 9942
1794 9951
1795 9955
1796 9958
1797 9962
1798 9970
1799 9978
1800 9994